# Signatures Produced by ClassSig from 
#    Class-Grid __1000001
#    and Stack __1000000

#    Number of selected grids
/*           8
#    Layer-Number    Band-name
/*           1       LC08_L1TP_066017_20130715_20170309_01_T1_compbands.tif\Band_1
/*           2       LC08_L1TP_066017_20130715_20170309_01_T1_compbands.tif\Band_2
/*           3       LC08_L1TP_066017_20130715_20170309_01_T1_compbands.tif\Band_3
/*           4       LC08_L1TP_066017_20130715_20170309_01_T1_compbands.tif\Band_4
/*           5       LC08_L1TP_066017_20130715_20170309_01_T1_compbands.tif\Band_5
/*           6       LC08_L1TP_066017_20130715_20170309_01_T1_compbands.tif\Band_6
/*           7       LC08_L1TP_066017_20130715_20170309_01_T1_compbands.tif\Band_7
/*           8       LC08_L1TP_066017_20130715_20170309_01_T1_compbands.tif\Band_8

#  Type   Number of Classes   Number of Layers    Number of Parametric Layers
    1             8                  8                         8
# ===================================================================

#  Class ID     Number of Cells    Class Name
        1             16425         1
# Layers             1             2             3             4             5             6             7             8
# Means    
            1.161215e+004 1.075936e+004 9.599160e+003 8.891989e+003 9.609735e+003 7.141983e+003 6.748860e+003 6.009828e+003
# Covariance
    1       1.517183e+006 1.539639e+006 1.446019e+006 1.631742e+006 2.273853e+006 1.106551e+006 1.009210e+006 7.615897e+005
    2       1.539639e+006 1.572072e+006 1.468679e+006 1.652833e+006 2.300627e+006 1.115945e+006 1.018607e+006 7.707470e+005
    3       1.446019e+006 1.468679e+006 1.458686e+006 1.608410e+006 2.180804e+006 1.098379e+006 9.990468e+005 7.688137e+005
    4       1.631742e+006 1.652833e+006 1.608410e+006 1.798614e+006 2.464512e+006 1.222592e+006 1.114431e+006 8.490686e+005
    5       2.273853e+006 2.300627e+006 2.180804e+006 2.464512e+006 3.472186e+006 1.683469e+006 1.526309e+006 1.125364e+006
    6       1.106551e+006 1.115945e+006 1.098379e+006 1.222592e+006 1.683469e+006 8.677492e+005 7.814633e+005 6.036917e+005
    7       1.009210e+006 1.018607e+006 9.990468e+005 1.114431e+006 1.526309e+006 7.814633e+005 7.091215e+005 5.496584e+005
    8       7.615897e+005 7.707470e+005 7.688137e+005 8.490686e+005 1.125364e+006 6.036917e+005 5.496584e+005 4.551355e+005
# -------------------------------------------------------------------

#  Class ID     Number of Cells    Class Name
        2             49167         2
# Layers             1             2             3             4             5             6             7             8
# Means    
            1.640482e+004 1.599939e+004 1.519350e+004 1.453512e+004 1.439956e+004 8.646218e+003 8.345381e+003 7.520758e+003
# Covariance
    1       8.831232e+006 8.767206e+006 7.896160e+006 7.939807e+006 1.057881e+007 5.021176e+006 5.464959e+006 4.886575e+006
    2       8.767206e+006 8.711877e+006 7.846664e+006 7.886151e+006 1.045536e+007 4.950786e+006 5.399527e+006 4.840594e+006
    3       7.896160e+006 7.846664e+006 7.135805e+006 7.220986e+006 9.411458e+006 4.370215e+006 4.791202e+006 4.343014e+006
    4       7.939807e+006 7.886151e+006 7.220986e+006 7.463273e+006 9.639554e+006 4.252783e+006 4.695544e+006 4.298457e+006
    5       1.057881e+007 1.045536e+007 9.411458e+006 9.639554e+006 1.358812e+007 6.348840e+006 6.769176e+006 5.950154e+006
    6       5.021176e+006 4.950786e+006 4.370215e+006 4.252783e+006 6.348840e+006 3.408770e+006 3.525805e+006 2.995505e+006
    7       5.464959e+006 5.399527e+006 4.791202e+006 4.695544e+006 6.769176e+006 3.525805e+006 3.704244e+006 3.190662e+006
    8       4.886575e+006 4.840594e+006 4.343014e+006 4.298457e+006 5.950154e+006 2.995505e+006 3.190662e+006 2.825799e+006
# -------------------------------------------------------------------

#  Class ID     Number of Cells    Class Name
        3             41641         3
# Layers             1             2             3             4             5             6             7             8
# Means    
            1.913544e+004 1.857844e+004 1.740858e+004 1.707506e+004 2.021674e+004 1.110642e+004 1.066243e+004 9.231758e+003
# Covariance
    1       9.486110e+006 9.831804e+006 9.433841e+006 9.942418e+006 6.409273e+006 1.122473e+006 3.051384e+006 3.550801e+006
    2       9.831804e+006 1.019485e+007 9.771421e+006 1.029966e+007 6.639328e+006 1.157606e+006 3.156959e+006 3.671748e+006
    3       9.433841e+006 9.771421e+006 9.412564e+006 9.909296e+006 6.379566e+006 1.134599e+006 3.053059e+006 3.555205e+006
    4       9.942418e+006 1.029966e+007 9.909296e+006 1.043788e+007 6.725558e+006 1.187405e+006 3.209620e+006 3.736341e+006
    5       6.409273e+006 6.639328e+006 6.379566e+006 6.725558e+006 4.487744e+006 8.358833e+005 2.095833e+006 2.420634e+006
    6       1.122473e+006 1.157606e+006 1.134599e+006 1.187405e+006 8.358833e+005 3.667865e+005 5.182256e+005 5.503590e+005
    7       3.051384e+006 3.156959e+006 3.053059e+006 3.209620e+006 2.095833e+006 5.182256e+005 1.095072e+006 1.240848e+006
    8       3.550801e+006 3.671748e+006 3.555205e+006 3.736341e+006 2.420634e+006 5.503590e+005 1.240848e+006 1.460666e+006
# -------------------------------------------------------------------

#  Class ID     Number of Cells    Class Name
        4              4761         4
# Layers             1             2             3             4             5             6             7             8
# Means    
            1.232674e+004 1.166148e+004 1.099138e+004 1.074180e+004 1.273866e+004 1.198751e+004 1.031728e+004 5.816884e+003
# Covariance
    1       1.527180e+006 1.507643e+006 1.348793e+006 1.304205e+006 1.131355e+006 -1.542322e+006 -9.980137e+005 5.392390e+005
    2       1.507643e+006 1.526127e+006 1.446917e+006 1.463002e+006 1.260484e+006 -9.537795e+005 -5.059049e+005 5.228499e+005
    3       1.348793e+006 1.446917e+006 1.580842e+006 1.739218e+006 1.601689e+006 5.629820e+005 6.957934e+005 4.682502e+005
    4       1.304205e+006 1.463002e+006 1.739218e+006 2.011987e+006 1.843731e+006 1.613667e+006 1.562847e+006 4.480660e+005
    5       1.131355e+006 1.260484e+006 1.601689e+006 1.843731e+006 3.487666e+006 2.711254e+006 1.834711e+006 5.811202e+005
    6       -1.542322e+006 -9.537795e+005 5.629820e+005 1.613667e+006 2.711254e+006 1.288858e+007 1.019646e+007 -3.294497e+005
    7       -9.980137e+005 -5.059049e+005 6.957934e+005 1.562847e+006 1.834711e+006 1.019646e+007 8.377502e+006 -1.940360e+005
    8       5.392390e+005 5.228499e+005 4.682502e+005 4.480660e+005 5.811202e+005 -3.294497e+005 -1.940360e+005 2.837664e+005
# -------------------------------------------------------------------

#  Class ID     Number of Cells    Class Name
        5             23728         5
# Layers             1             2             3             4             5             6             7             8
# Means    
            2.037899e+004 2.004463e+004 1.871350e+004 1.826427e+004 1.723597e+004 8.404452e+003 8.221770e+003 6.852999e+003
# Covariance
    1       1.286910e+007 1.387072e+007 1.406755e+007 1.416347e+007 8.617973e+006 -3.747504e+006 -3.674122e+006 -2.145227e+006
    2       1.387072e+007 1.496062e+007 1.517748e+007 1.528508e+007 9.278568e+006 -4.071659e+006 -3.994878e+006 -2.333150e+006
    3       1.406755e+007 1.517748e+007 1.543142e+007 1.557497e+007 9.563405e+006 -4.078527e+006 -4.003421e+006 -2.338955e+006
    4       1.416347e+007 1.528508e+007 1.557497e+007 1.581649e+007 1.006117e+007 -3.885876e+006 -3.809642e+006 -2.223896e+006
    5       8.617973e+006 9.278568e+006 9.563405e+006 1.006117e+007 8.113980e+006 -1.067371e+006 -1.004183e+006 -5.722782e+005
    6       -3.747504e+006 -4.071659e+006 -4.078527e+006 -3.885876e+006 -1.067371e+006 2.249683e+006 2.243298e+006 1.360373e+006
    7       -3.674122e+006 -3.994878e+006 -4.003421e+006 -3.809642e+006 -1.004183e+006 2.243298e+006 2.240853e+006 1.356554e+006
    8       -2.145227e+006 -2.333150e+006 -2.338955e+006 -2.223896e+006 -5.722782e+005 1.360373e+006 1.356554e+006 8.650563e+005
# -------------------------------------------------------------------

#  Class ID     Number of Cells    Class Name
        6             32541         6
# Layers             1             2             3             4             5             6             7             8
# Means    
            2.911284e+004 2.894928e+004 2.743795e+004 2.762509e+004 2.732903e+004 1.318276e+004 1.285704e+004 1.032167e+004
# Covariance
    1       2.325185e+006 2.410611e+006 2.437367e+006 2.682080e+006 3.243347e+006 1.225118e+006 1.131365e+006 1.556410e+006
    2       2.410611e+006 2.524436e+006 2.579570e+006 2.871588e+006 3.640356e+006 1.930977e+006 1.581015e+006 1.283078e+006
    3       2.437367e+006 2.579570e+006 2.693449e+006 3.038729e+006 4.076858e+006 2.883432e+006 2.184613e+006 8.691271e+005
    4       2.682080e+006 2.871588e+006 3.038729e+006 3.480499e+006 4.920042e+006 4.170692e+006 3.024774e+006 4.820247e+005
    5       3.243347e+006 3.640356e+006 4.076858e+006 4.920042e+006 8.220910e+006 1.035098e+007 7.005117e+006 -1.836777e+006
    6       1.225118e+006 1.930977e+006 2.883432e+006 4.170692e+006 1.035098e+007 2.189369e+007 1.417690e+007 -8.535811e+006
    7       1.131365e+006 1.581015e+006 2.184613e+006 3.024774e+006 7.005117e+006 1.417690e+007 9.380302e+006 -4.918219e+006
    8       1.556410e+006 1.283078e+006 8.691271e+005 4.820247e+005 -1.836777e+006 -8.535811e+006 -4.918219e+006 6.027588e+006
# -------------------------------------------------------------------

#  Class ID     Number of Cells    Class Name
        7            111105         7
# Layers             1             2             3             4             5             6             7             8
# Means    
            2.319784e+004 2.279402e+004 2.151659e+004 2.152686e+004 2.283694e+004 1.186784e+004 1.207114e+004 1.135044e+004
# Covariance
    1       7.139361e+006 7.344240e+006 7.107083e+006 7.454213e+006 7.226779e+006 1.895273e+006 2.689169e+006 4.098049e+006
    2       7.344240e+006 7.562354e+006 7.300915e+006 7.659165e+006 7.414168e+006 1.942350e+006 2.757094e+006 4.201154e+006
    3       7.107083e+006 7.300915e+006 7.120524e+006 7.453496e+006 7.202973e+006 1.916089e+006 2.704855e+006 4.116314e+006
    4       7.454213e+006 7.659165e+006 7.453496e+006 7.815568e+006 7.603546e+006 2.006850e+006 2.842717e+006 4.321723e+006
    5       7.226779e+006 7.414168e+006 7.202973e+006 7.603546e+006 8.375069e+006 1.837295e+006 2.720787e+006 4.022292e+006
    6       1.895273e+006 1.942350e+006 1.916089e+006 2.006850e+006 1.837295e+006 8.324970e+005 1.007224e+006 1.479169e+006
    7       2.689169e+006 2.757094e+006 2.704855e+006 2.842717e+006 2.720787e+006 1.007224e+006 1.296974e+006 1.959799e+006
    8       4.098049e+006 4.201154e+006 4.116314e+006 4.321723e+006 4.022292e+006 1.479169e+006 1.959799e+006 3.209980e+006
# -------------------------------------------------------------------

#  Class ID     Number of Cells    Class Name
        8             36119         8
# Layers             1             2             3             4             5             6             7             8
# Means    
            0.000000e+000 0.000000e+000 0.000000e+000 0.000000e+000 0.000000e+000 0.000000e+000 0.000000e+000 0.000000e+000
# Covariance
    1       0.000000e+000 0.000000e+000 0.000000e+000 0.000000e+000 0.000000e+000 0.000000e+000 0.000000e+000 0.000000e+000
    2       0.000000e+000 0.000000e+000 0.000000e+000 0.000000e+000 0.000000e+000 0.000000e+000 0.000000e+000 0.000000e+000
    3       0.000000e+000 0.000000e+000 0.000000e+000 0.000000e+000 0.000000e+000 0.000000e+000 0.000000e+000 0.000000e+000
    4       0.000000e+000 0.000000e+000 0.000000e+000 0.000000e+000 0.000000e+000 0.000000e+000 0.000000e+000 0.000000e+000
    5       0.000000e+000 0.000000e+000 0.000000e+000 0.000000e+000 0.000000e+000 0.000000e+000 0.000000e+000 0.000000e+000
    6       0.000000e+000 0.000000e+000 0.000000e+000 0.000000e+000 0.000000e+000 0.000000e+000 0.000000e+000 0.000000e+000
    7       0.000000e+000 0.000000e+000 0.000000e+000 0.000000e+000 0.000000e+000 0.000000e+000 0.000000e+000 0.000000e+000
    8       0.000000e+000 0.000000e+000 0.000000e+000 0.000000e+000 0.000000e+000 0.000000e+000 0.000000e+000 0.000000e+000
