# Signatures Produced by ClassSig from 
#    Class-Grid __1000001
#    and Stack __1000000

#    Number of selected grids
/*           7
#    Layer-Number    Band-name
/*           1       LT05_L1TP_064017_19950614_20160926_01_T1_compbands.tif\Band_1
/*           2       LT05_L1TP_064017_19950614_20160926_01_T1_compbands.tif\Band_2
/*           3       LT05_L1TP_064017_19950614_20160926_01_T1_compbands.tif\Band_3
/*           4       LT05_L1TP_064017_19950614_20160926_01_T1_compbands.tif\Band_4
/*           5       LT05_L1TP_064017_19950614_20160926_01_T1_compbands.tif\Band_5
/*           6       LT05_L1TP_064017_19950614_20160926_01_T1_compbands.tif\Band_6
/*           7       LT05_L1TP_064017_19950614_20160926_01_T1_compbands.tif\Band_7

#  Type   Number of Classes   Number of Layers    Number of Parametric Layers
    1             7                  7                         7
# ===================================================================

#  Class ID     Number of Cells    Class Name
        1              5841         1
# Layers             1             2             3             4             5             6             7
# Means    
            1.110835e+002 5.595549e+001 6.080329e+001 4.131775e+001 1.962078e+001 9.571289e+001 1.160452e+001
# Covariance
    1       1.390143e+002 5.182598e+001 7.053784e+001 1.717127e+002 8.262210e+001 -3.770871e+001 4.654315e+001
    2       5.182598e+001 2.216411e+001 3.045289e+001 6.307219e+001 2.397045e+001 -2.052374e+001 1.372263e+001
    3       7.053784e+001 3.045289e+001 5.760256e+001 1.051802e+002 3.835142e+001 -5.167721e+001 2.229651e+001
    4       1.717127e+002 6.307219e+001 1.051802e+002 2.523483e+002 1.238215e+002 -6.831475e+001 6.990171e+001
    5       8.262210e+001 2.397045e+001 3.835142e+001 1.238215e+002 1.167255e+002 -2.302722e+001 6.551370e+001
    6       -3.770871e+001 -2.052374e+001 -5.167721e+001 -6.831475e+001 -2.302722e+001 7.966327e+001 -1.396048e+001
    7       4.654315e+001 1.372263e+001 2.229651e+001 6.990171e+001 6.551370e+001 -1.396048e+001 3.794562e+001
# -------------------------------------------------------------------

#  Class ID     Number of Cells    Class Name
        2              9136         2
# Layers             1             2             3             4             5             6             7
# Means    
            6.515685e+001 2.471924e+001 2.119746e+001 1.727003e+001 1.392590e+001 1.016597e+002 7.901051e+000
# Covariance
    1       1.520894e+002 6.005335e+001 5.880307e+001 4.107674e+001 3.118305e+001 -4.384514e+001 1.589533e+001
    2       6.005335e+001 2.490234e+001 2.428205e+001 1.758255e+001 1.446119e+001 -1.622276e+001 7.305659e+000
    3       5.880307e+001 2.428205e+001 2.474546e+001 1.851449e+001 1.613067e+001 -1.693553e+001 8.184401e+000
    4       4.107674e+001 1.758255e+001 1.851449e+001 1.721761e+001 1.737261e+001 -1.126683e+001 8.751408e+000
    5       3.118305e+001 1.446119e+001 1.613067e+001 1.737261e+001 2.122877e+001 -8.748701e+000 1.026962e+001
    6       -4.384514e+001 -1.622276e+001 -1.693553e+001 -1.126683e+001 -8.748701e+000 4.152764e+001 -4.891476e+000
    7       1.589533e+001 7.305659e+000 8.184401e+000 8.751408e+000 1.026962e+001 -4.891476e+000 5.861253e+000
# -------------------------------------------------------------------

#  Class ID     Number of Cells    Class Name
        3             61309         3
# Layers             1             2             3             4             5             6             7
# Means    
            2.315081e+002 1.726461e+002 1.870180e+002 1.539317e+002 2.262772e+001 8.425962e+001 1.212290e+001
# Covariance
    1       2.423375e+003 2.650718e+003 2.842158e+003 2.514067e+003 1.569798e+002 -8.747480e+001 6.121899e+001
    2       2.650718e+003 5.007479e+003 4.793102e+003 5.245843e+003 6.756197e+002 -1.691794e+002 3.119045e+002
    3       2.842158e+003 4.793102e+003 4.755067e+003 4.909437e+003 5.622699e+002 -1.595305e+002 2.550341e+002
    4       2.514067e+003 5.245843e+003 4.909437e+003 5.641052e+003 7.961467e+002 -1.763266e+002 3.724479e+002
    5       1.569798e+002 6.756197e+002 5.622699e+002 7.961467e+002 1.759741e+002 -2.045205e+001 8.697890e+001
    6       -8.747480e+001 -1.691794e+002 -1.595305e+002 -1.763266e+002 -2.045205e+001 1.368514e+001 -8.703631e+000
    7       6.121899e+001 3.119045e+002 2.550341e+002 3.724479e+002 8.697890e+001 -8.703631e+000 4.437524e+001
# -------------------------------------------------------------------

#  Class ID     Number of Cells    Class Name
        4             21660         4
# Layers             1             2             3             4             5             6             7
# Means    
            2.417921e+002 1.557421e+002 1.863430e+002 1.599493e+002 1.750470e+002 7.547835e+001 8.429160e+001
# Covariance
    1       1.203789e+003 1.147741e+003 1.428238e+003 1.069544e+003 1.111745e+003 -2.820661e+001 5.087436e+002
    2       1.147741e+003 1.509772e+003 1.876836e+003 1.405097e+003 1.398929e+003 -1.070146e+001 6.003510e+002
    3       1.428238e+003 1.876836e+003 2.337853e+003 1.751666e+003 1.752582e+003 -1.414313e+001 7.555283e+002
    4       1.069544e+003 1.405097e+003 1.751666e+003 1.332890e+003 1.359094e+003 -1.791337e+001 6.012592e+002
    5       1.111745e+003 1.398929e+003 1.752582e+003 1.359094e+003 1.506872e+003 -2.295983e+001 7.172316e+002
    6       -2.820661e+001 -1.070146e+001 -1.414313e+001 -1.791337e+001 -2.295983e+001 9.823484e+000 -1.539735e+001
    7       5.087436e+002 6.003510e+002 7.555283e+002 6.012592e+002 7.172316e+002 -1.539735e+001 3.695185e+002
# -------------------------------------------------------------------

#  Class ID     Number of Cells    Class Name
        5            460551         5
# Layers             1             2             3             4             5             6             7
# Means    
            0.000000e+000 0.000000e+000 0.000000e+000 0.000000e+000 1.656928e-001 3.695358e+001 0.000000e+000
# Covariance
    1       0.000000e+000 0.000000e+000 0.000000e+000 0.000000e+000 0.000000e+000 0.000000e+000 0.000000e+000
    2       0.000000e+000 0.000000e+000 0.000000e+000 0.000000e+000 0.000000e+000 0.000000e+000 0.000000e+000
    3       0.000000e+000 0.000000e+000 0.000000e+000 0.000000e+000 0.000000e+000 0.000000e+000 0.000000e+000
    4       0.000000e+000 0.000000e+000 0.000000e+000 0.000000e+000 0.000000e+000 0.000000e+000 0.000000e+000
    5       0.000000e+000 0.000000e+000 0.000000e+000 0.000000e+000 1.912518e+001 1.225259e+001 0.000000e+000
    6       0.000000e+000 0.000000e+000 0.000000e+000 0.000000e+000 1.225259e+001 2.711537e+003 0.000000e+000
    7       0.000000e+000 0.000000e+000 0.000000e+000 0.000000e+000 0.000000e+000 0.000000e+000 0.000000e+000
# -------------------------------------------------------------------

#  Class ID     Number of Cells    Class Name
        6             11331         6
# Layers             1             2             3             4             5             6             7
# Means    
            9.523422e+001 4.418048e+001 4.821322e+001 3.997908e+001 5.077804e+001 1.161366e+002 2.983461e+001
# Covariance
    1       5.427929e+001 2.483619e+001 2.791219e+001 1.367021e+001 -1.482012e+001 1.847921e+001 -8.366819e+000
    2       2.483619e+001 1.344448e+001 1.601032e+001 1.008453e+001 3.056567e+000 6.760514e+000 1.788016e+000
    3       2.791219e+001 1.601032e+001 2.107969e+001 1.500446e+001 1.355827e+001 6.075811e+000 7.856450e+000
    4       1.367021e+001 1.008453e+001 1.500446e+001 1.832039e+001 3.177585e+001 -2.929057e-001 1.721728e+001
    5       -1.482012e+001 3.056567e+000 1.355827e+001 3.177585e+001 1.095016e+002 -2.039368e+001 6.143928e+001
    6       1.847921e+001 6.760514e+000 6.075811e+000 -2.929057e-001 -2.039368e+001 8.745124e+001 -8.519769e+000
    7       -8.366819e+000 1.788016e+000 7.856450e+000 1.721728e+001 6.143928e+001 -8.519769e+000 3.647591e+001
# -------------------------------------------------------------------

#  Class ID     Number of Cells    Class Name
        7             39211         7
# Layers             1             2             3             4             5             6             7
# Means    
            6.015159e+001 2.410742e+001 2.193627e+001 2.442177e+001 2.236400e+001 1.135091e+002 1.052131e+001
# Covariance
    1       9.571127e+001 4.995122e+001 5.743736e+001 6.468090e+001 7.894155e+001 -2.583162e+001 3.612947e+001
    2       4.995122e+001 2.732797e+001 3.123396e+001 3.968948e+001 4.944052e+001 -1.105290e+001 2.190758e+001
    3       5.743736e+001 3.123396e+001 3.676424e+001 4.509362e+001 5.657757e+001 -1.290191e+001 2.525455e+001
    4       6.468090e+001 3.968948e+001 4.509362e+001 1.327675e+002 1.790656e+002 2.136062e+001 7.017775e+001
    5       7.894155e+001 4.944052e+001 5.657757e+001 1.790656e+002 2.576666e+002 3.602477e+001 1.016885e+002
    6       -2.583162e+001 -1.105290e+001 -1.290191e+001 2.136062e+001 3.602477e+001 4.524753e+001 1.179195e+001
    7       3.612947e+001 2.190758e+001 2.525455e+001 7.017775e+001 1.016885e+002 1.179195e+001 4.188623e+001
