# Signatures Produced by ClassSig from 
#    Class-Grid __1000001
#    and Stack __1000000

#    Number of selected grids
/*           8
#    Layer-Number    Band-name
/*           1       LC08_L1TP_064017_20180731_20180814_01_T1_compbands.tif\Band_1
/*           2       LC08_L1TP_064017_20180731_20180814_01_T1_compbands.tif\Band_2
/*           3       LC08_L1TP_064017_20180731_20180814_01_T1_compbands.tif\Band_3
/*           4       LC08_L1TP_064017_20180731_20180814_01_T1_compbands.tif\Band_4
/*           5       LC08_L1TP_064017_20180731_20180814_01_T1_compbands.tif\Band_5
/*           6       LC08_L1TP_064017_20180731_20180814_01_T1_compbands.tif\Band_6
/*           7       LC08_L1TP_064017_20180731_20180814_01_T1_compbands.tif\Band_7
/*           8       LC08_L1TP_064017_20180731_20180814_01_T1_compbands.tif\Band_8

#  Type   Number of Classes   Number of Layers    Number of Parametric Layers
    1             7                  8                         8
# ===================================================================

#  Class ID     Number of Cells    Class Name
        1              2118         Water1
# Layers             1             2             3             4             5             6             7             8
# Means    
            1.173002e+004 1.150286e+004 1.166668e+004 1.165581e+004 8.580339e+003 5.481660e+003 5.356187e+003 5.169382e+003
# Covariance
    1       7.711414e+005 9.690356e+005 1.027870e+006 5.090691e+005 -9.161796e+003 -2.802643e+004 -3.279335e+004 -1.712037e+004
    2       9.690356e+005 1.235916e+006 1.359804e+006 7.192191e+005 -9.080913e+004 -6.433356e+004 -6.416796e+004 -3.318164e+004
    3       1.027870e+006 1.359804e+006 1.679512e+006 1.097635e+006 -3.047376e+005 -1.499481e+005 -1.327617e+005 -7.084671e+004
    4       5.090691e+005 7.192191e+005 1.097635e+006 1.031689e+006 -1.045470e+005 -1.703694e+005 -1.440650e+005 -8.588985e+004
    5       -9.161796e+003 -9.080913e+004 -3.047376e+005 -1.045470e+005 1.983765e+006 1.569556e+005 1.060489e+005 1.800451e+004
    6       -2.802643e+004 -6.433356e+004 -1.499481e+005 -1.703694e+005 1.569556e+005 2.155097e+005 1.710221e+005 8.032045e+004
    7       -3.279335e+004 -6.416796e+004 -1.327617e+005 -1.440650e+005 1.060489e+005 1.710221e+005 1.373356e+005 6.448065e+004
    8       -1.712037e+004 -3.318164e+004 -7.084671e+004 -8.588985e+004 1.800451e+004 8.032045e+004 6.448065e+004 4.565545e+004
# -------------------------------------------------------------------

#  Class ID     Number of Cells    Class Name
        2              2837         Water2
# Layers             1             2             3             4             5             6             7             8
# Means    
            9.074474e+003 8.190312e+003 7.050889e+003 6.218811e+003 5.766387e+003 5.334981e+003 5.244015e+003 5.100676e+003
# Covariance
    1       6.216978e+004 6.856979e+004 5.871009e+004 4.045969e+004 1.923399e+004 1.401206e+004 1.165675e+004 4.159589e+003
    2       6.856979e+004 8.461930e+004 8.748406e+004 4.533071e+004 -8.756658e+001 1.574454e+003 2.155835e+003 1.970296e+002
    3       5.871009e+004 8.748406e+004 1.366912e+005 6.580890e+004 -1.720377e+004 -9.046721e+003 -5.813437e+003 -3.482235e+003
    4       4.045969e+004 4.533071e+004 6.580890e+004 6.042939e+004 3.383368e+004 2.388039e+004 1.957535e+004 6.509269e+003
    5       1.923399e+004 -8.756658e+001 -1.720377e+004 3.383368e+004 9.094666e+004 6.285459e+004 4.935009e+004 2.030354e+004
    6       1.401206e+004 1.574454e+003 -9.046721e+003 2.388039e+004 6.285459e+004 4.585898e+004 3.644210e+004 1.389628e+004
    7       1.165675e+004 2.155835e+003 -5.813437e+003 1.957535e+004 4.935009e+004 3.644210e+004 2.924830e+004 1.080361e+004
    8       4.159589e+003 1.970296e+002 -3.482235e+003 6.509269e+003 2.030354e+004 1.389628e+004 1.080361e+004 5.320326e+003
# -------------------------------------------------------------------

#  Class ID     Number of Cells    Class Name
        9              1733         Veg
# Layers             1             2             3             4             5             6             7             8
# Means    
            9.736441e+003 8.918698e+003 8.288005e+003 7.422570e+003 1.603909e+004 1.034897e+004 7.615582e+003 5.491149e+003
# Covariance
    1       1.611456e+006 1.676705e+006 1.667460e+006 1.814204e+006 1.331999e+006 1.680649e+006 1.361925e+006 8.211491e+005
    2       1.676705e+006 1.746735e+006 1.734914e+006 1.888817e+006 1.347180e+006 1.747300e+006 1.419959e+006 8.531472e+005
    3       1.667460e+006 1.734914e+006 1.741260e+006 1.890803e+006 1.326817e+006 1.760954e+006 1.430466e+006 8.577837e+005
    4       1.814204e+006 1.888817e+006 1.890803e+006 2.058752e+006 1.402143e+006 1.911778e+006 1.557607e+006 9.286670e+005
    5       1.331999e+006 1.347180e+006 1.326817e+006 1.402143e+006 5.350838e+006 2.107261e+006 1.080902e+006 6.536317e+005
    6       1.680649e+006 1.747300e+006 1.760954e+006 1.911778e+006 2.107261e+006 2.026756e+006 1.497316e+006 8.550073e+005
    7       1.361925e+006 1.419959e+006 1.430466e+006 1.557607e+006 1.080902e+006 1.497316e+006 1.203525e+006 6.987345e+005
    8       8.211491e+005 8.531472e+005 8.577837e+005 9.286670e+005 6.536317e+005 8.550073e+005 6.987345e+005 4.300737e+005
# -------------------------------------------------------------------

#  Class ID     Number of Cells    Class Name
       11              4793         Ice
# Layers             1             2             3             4             5             6             7             8
# Means    
            1.663431e+004 1.637254e+004 1.563947e+004 1.508157e+004 1.280215e+004 5.807977e+003 5.654636e+003 5.250799e+003
# Covariance
    1       4.281038e+007 4.539619e+007 4.588224e+007 4.670104e+007 3.765274e+007 -1.214585e+006 -9.806377e+005 -6.204482e+005
    2       4.539619e+007 4.817884e+007 4.873247e+007 4.960823e+007 3.996866e+007 -1.317552e+006 -1.064690e+006 -6.775829e+005
    3       4.588224e+007 4.873247e+007 4.937985e+007 5.029791e+007 4.056277e+007 -1.358582e+006 -1.098769e+006 -7.059298e+005
    4       4.670104e+007 4.960823e+007 5.029791e+007 5.131031e+007 4.157746e+007 -1.304555e+006 -1.052730e+006 -6.765705e+005
    5       3.765274e+007 3.996866e+007 4.056277e+007 4.157746e+007 3.436107e+007 -6.627524e+005 -5.227408e+005 -3.146627e+005
    6       -1.214585e+006 -1.317552e+006 -1.358582e+006 -1.304555e+006 -6.627524e+005 6.713535e+005 5.597530e+005 4.148759e+005
    7       -9.806377e+005 -1.064690e+006 -1.098769e+006 -1.052730e+006 -5.227408e+005 5.597530e+005 4.670769e+005 3.468659e+005
    8       -6.204482e+005 -6.775829e+005 -7.059298e+005 -6.765705e+005 -3.146627e+005 4.148759e+005 3.468659e+005 2.692775e+005
# -------------------------------------------------------------------

#  Class ID     Number of Cells    Class Name
       14              2425         Litho
# Layers             1             2             3             4             5             6             7             8
# Means    
            1.123559e+004 1.071397e+004 1.025938e+004 1.023994e+004 1.076688e+004 1.094915e+004 9.930545e+003 5.482897e+003
# Covariance
    1       2.057315e+006 2.116990e+006 2.015862e+006 2.132019e+006 2.472132e+006 1.299394e+006 1.131150e+006 9.483753e+005
    2       2.116990e+006 2.195400e+006 2.117488e+006 2.246851e+006 2.622130e+006 1.526507e+006 1.314655e+006 9.200193e+005
    3       2.015862e+006 2.117488e+006 2.141312e+006 2.304785e+006 2.699851e+006 1.849544e+006 1.556545e+006 8.005497e+005
    4       2.132019e+006 2.246851e+006 2.304785e+006 2.514028e+006 2.939223e+006 2.046665e+006 1.707203e+006 8.576357e+005
    5       2.472132e+006 2.622130e+006 2.699851e+006 2.939223e+006 3.772250e+006 3.358956e+006 2.775966e+006 8.730375e+005
    6       1.299394e+006 1.526507e+006 1.849544e+006 2.046665e+006 3.358956e+006 5.627907e+006 4.636362e+006 -1.648380e+005
    7       1.131150e+006 1.314655e+006 1.556545e+006 1.707203e+006 2.775966e+006 4.636362e+006 3.881505e+006 -8.560429e+004
    8       9.483753e+005 9.200193e+005 8.005497e+005 8.576357e+005 8.730375e+005 -1.648380e+005 -8.560429e+004 7.209688e+005
# -------------------------------------------------------------------

#  Class ID     Number of Cells    Class Name
       18             33939         na
# Layers             1             2             3             4             5             6             7             8
# Means    
            0.000000e+000 0.000000e+000 0.000000e+000 0.000000e+000 0.000000e+000 0.000000e+000 0.000000e+000 0.000000e+000
# Covariance
    1       0.000000e+000 0.000000e+000 0.000000e+000 0.000000e+000 0.000000e+000 0.000000e+000 0.000000e+000 0.000000e+000
    2       0.000000e+000 0.000000e+000 0.000000e+000 0.000000e+000 0.000000e+000 0.000000e+000 0.000000e+000 0.000000e+000
    3       0.000000e+000 0.000000e+000 0.000000e+000 0.000000e+000 0.000000e+000 0.000000e+000 0.000000e+000 0.000000e+000
    4       0.000000e+000 0.000000e+000 0.000000e+000 0.000000e+000 0.000000e+000 0.000000e+000 0.000000e+000 0.000000e+000
    5       0.000000e+000 0.000000e+000 0.000000e+000 0.000000e+000 0.000000e+000 0.000000e+000 0.000000e+000 0.000000e+000
    6       0.000000e+000 0.000000e+000 0.000000e+000 0.000000e+000 0.000000e+000 0.000000e+000 0.000000e+000 0.000000e+000
    7       0.000000e+000 0.000000e+000 0.000000e+000 0.000000e+000 0.000000e+000 0.000000e+000 0.000000e+000 0.000000e+000
    8       0.000000e+000 0.000000e+000 0.000000e+000 0.000000e+000 0.000000e+000 0.000000e+000 0.000000e+000 0.000000e+000
# -------------------------------------------------------------------

#  Class ID     Number of Cells    Class Name
       22               618         Cloud
# Layers             1             2             3             4             5             6             7             8
# Means    
            3.468247e+004 3.518338e+004 3.464225e+004 3.615761e+004 3.881857e+004 2.711433e+004 2.256742e+004 5.752558e+003
# Covariance
    1       2.432523e+007 2.684804e+007 2.870970e+007 3.181476e+007 -6.213398e+007 2.560126e+007 2.125906e+007 4.746399e+005
    2       2.684804e+007 2.968671e+007 3.166945e+007 2.818758e+007 -1.696937e+008 2.815077e+007 2.330672e+007 5.101994e+005
    3       2.870970e+007 3.166945e+007 3.409942e+007 3.079667e+007 -1.808110e+008 3.067283e+007 2.542840e+007 5.611604e+005
    4       3.181476e+007 2.818758e+007 3.079667e+007 -9.734937e+007 -3.014227e+008 3.386857e+007 2.803130e+007 6.075204e+005
    5       -6.213398e+007 -1.696937e+008 -1.808110e+008 -3.014227e+008 -6.090741e+008 3.756417e+007 3.090746e+007 6.429876e+005
    6       2.560126e+007 2.815077e+007 3.067283e+007 3.386857e+007 3.756417e+007 2.981289e+007 2.516687e+007 5.357092e+005
    7       2.125906e+007 2.330672e+007 2.542840e+007 2.803130e+007 3.090746e+007 2.516687e+007 2.167253e+007 4.692320e+005
    8       4.746399e+005 5.101994e+005 5.611604e+005 6.075204e+005 6.429876e+005 5.357092e+005 4.692320e+005 1.571439e+004
