# Signatures Produced by ClassSig from 
#    Class-Grid __1000001
#    and Stack __1000000

#    Number of selected grids
/*           8
#    Layer-Number    Band-name
/*           1       LC08_L1TP_067017_20160714_20170222_01_T1_cropped_compbands.tif\Band_1
/*           2       LC08_L1TP_067017_20160714_20170222_01_T1_cropped_compbands.tif\Band_2
/*           3       LC08_L1TP_067017_20160714_20170222_01_T1_cropped_compbands.tif\Band_3
/*           4       LC08_L1TP_067017_20160714_20170222_01_T1_cropped_compbands.tif\Band_4
/*           5       LC08_L1TP_067017_20160714_20170222_01_T1_cropped_compbands.tif\Band_5
/*           6       LC08_L1TP_067017_20160714_20170222_01_T1_cropped_compbands.tif\Band_6
/*           7       LC08_L1TP_067017_20160714_20170222_01_T1_cropped_compbands.tif\Band_7
/*           8       LC08_L1TP_067017_20160714_20170222_01_T1_cropped_compbands.tif\Band_8

#  Type   Number of Classes   Number of Layers    Number of Parametric Layers
    1             9                  8                         8
# ===================================================================

#  Class ID     Number of Cells    Class Name
        1              4952         1
# Layers             1             2             3             4             5             6             7             8
# Means    
            1.205580e+004 1.156614e+004 1.053423e+004 8.755595e+003 7.438798e+003 6.762304e+003 6.581638e+003 5.113060e+003
# Covariance
    1       3.712419e+006 4.058410e+006 4.439382e+006 4.706318e+006 5.773386e+006 5.221246e+006 4.842276e+006 2.618084e+005
    2       4.058410e+006 4.505015e+006 4.940851e+006 5.048288e+006 5.909701e+006 5.296146e+006 4.911342e+006 2.652430e+005
    3       4.439382e+006 4.940851e+006 5.560497e+006 5.621063e+006 6.318815e+006 5.764800e+006 5.324428e+006 2.899049e+005
    4       4.706318e+006 5.048288e+006 5.621063e+006 6.451632e+006 8.012341e+006 7.273877e+006 6.746861e+006 3.654717e+005
    5       5.773386e+006 5.909701e+006 6.318815e+006 8.012341e+006 1.239312e+007 1.161725e+007 1.079269e+007 5.794935e+005
    6       5.221246e+006 5.296146e+006 5.764800e+006 7.273877e+006 1.161725e+007 1.129937e+007 1.044726e+007 5.654704e+005
    7       4.842276e+006 4.911342e+006 5.324428e+006 6.746861e+006 1.079269e+007 1.044726e+007 9.697147e+006 5.230724e+005
    8       2.618084e+005 2.652430e+005 2.899049e+005 3.654717e+005 5.794935e+005 5.654704e+005 5.230724e+005 2.890994e+004
# -------------------------------------------------------------------

#  Class ID     Number of Cells    Class Name
        2               900         2
# Layers             1             2             3             4             5             6             7             8
# Means    
            1.028011e+004 9.426633e+003 8.210617e+003 7.353230e+003 6.614042e+003 5.493708e+003 5.352660e+003 5.039493e+003
# Covariance
    1       1.217712e+006 1.367463e+006 1.478295e+006 1.550636e+006 9.019677e+005 -2.213384e+004 -3.834666e+003 -3.839251e+003
    2       1.367463e+006 1.540684e+006 1.665183e+006 1.741669e+006 1.007649e+006 -2.738716e+004 -5.294753e+003 -4.596234e+003
    3       1.478295e+006 1.665183e+006 1.838061e+006 1.957214e+006 1.151236e+006 -4.001155e+004 -1.776270e+004 -5.099905e+003
    4       1.550636e+006 1.741669e+006 1.957214e+006 2.198348e+006 1.350461e+006 -5.163791e+004 -2.853826e+004 -5.451897e+003
    5       9.019677e+005 1.007649e+006 1.151236e+006 1.350461e+006 9.630331e+005 1.866770e+004 1.018139e+004 -2.525637e+003
    6       -2.213384e+004 -2.738716e+004 -4.001155e+004 -5.163791e+004 1.866770e+004 5.665707e+004 3.944004e+004 6.497239e+002
    7       -3.834666e+003 -5.294753e+003 -1.776270e+004 -2.853826e+004 1.018139e+004 3.944004e+004 3.067197e+004 3.707608e+002
    8       -3.839251e+003 -4.596234e+003 -5.099905e+003 -5.451897e+003 -2.525637e+003 6.497239e+002 3.707608e+002 1.245305e+002
# -------------------------------------------------------------------

#  Class ID     Number of Cells    Class Name
        3              6009         3
# Layers             1             2             3             4             5             6             7             8
# Means    
            2.092617e+004 2.065208e+004 1.925009e+004 1.819925e+004 1.452393e+004 6.953509e+003 6.702497e+003 5.118656e+003
# Covariance
    1       2.687138e+007 2.839014e+007 2.823198e+007 2.871804e+007 2.570023e+007 6.811610e+006 6.145920e+006 3.850849e+005
    2       2.839014e+007 3.010389e+007 2.997870e+007 3.049846e+007 2.711484e+007 7.031522e+006 6.343515e+006 3.921721e+005
    3       2.823198e+007 2.997870e+007 3.014644e+007 3.088664e+007 2.773124e+007 7.054277e+006 6.364065e+006 3.991555e+005
    4       2.871804e+007 3.049846e+007 3.088664e+007 3.225991e+007 3.003157e+007 7.678497e+006 6.938613e+006 4.499789e+005
    5       2.570023e+007 2.711484e+007 2.773124e+007 3.003157e+007 3.139577e+007 1.136040e+007 1.029100e+007 6.876411e+005
    6       6.811610e+006 7.031522e+006 7.054277e+006 7.678497e+006 1.136040e+007 1.243405e+007 1.122173e+007 7.457535e+005
    7       6.145920e+006 6.343515e+006 6.364065e+006 6.938613e+006 1.029100e+007 1.122173e+007 1.015036e+007 6.717918e+005
    8       3.850849e+005 3.921721e+005 3.991555e+005 4.499789e+005 6.876411e+005 7.457535e+005 6.717918e+005 5.683063e+004
# -------------------------------------------------------------------

#  Class ID     Number of Cells    Class Name
        4              2860         4
# Layers             1             2             3             4             5             6             7             8
# Means    
            9.957651e+003 9.213194e+003 8.634534e+003 8.523739e+003 9.565827e+003 9.940901e+003 8.610186e+003 5.037669e+003
# Covariance
    1       7.211739e+005 7.115093e+005 5.922897e+005 5.387615e+005 2.286424e+005 -5.595422e+004 1.116675e+005 3.703910e+003
    2       7.115093e+005 7.272021e+005 6.556100e+005 6.385597e+005 4.900136e+005 2.049661e+005 2.699853e+005 3.323320e+003
    3       5.922897e+005 6.556100e+005 7.700843e+005 8.656133e+005 1.222234e+006 1.088012e+006 8.248433e+005 1.808163e+003
    4       5.387615e+005 6.385597e+005 8.656133e+005 1.072186e+006 1.661368e+006 1.693060e+006 1.244995e+006 7.419506e+002
    5       2.286424e+005 4.900136e+005 1.222234e+006 1.661368e+006 5.642949e+006 5.824353e+006 3.592287e+006 -2.738751e+003
    6       -5.595422e+004 2.049661e+005 1.088012e+006 1.693060e+006 5.824353e+006 7.150880e+006 4.709633e+006 -4.927914e+003
    7       1.116675e+005 2.699853e+005 8.248433e+005 1.244995e+006 3.592287e+006 4.709633e+006 3.272263e+006 -2.629505e+003
    8       3.703910e+003 3.323320e+003 1.808163e+003 7.419506e+002 -2.738751e+003 -4.927914e+003 -2.629505e+003 1.242133e+002
# -------------------------------------------------------------------

#  Class ID     Number of Cells    Class Name
        5              2109         5
# Layers             1             2             3             4             5             6             7             8
# Means    
            1.328612e+004 1.253849e+004 1.172062e+004 1.128252e+004 1.849709e+004 1.358844e+004 1.114811e+004 5.282198e+003
# Covariance
    1       3.314691e+007 3.519136e+007 3.505550e+007 3.933902e+007 2.891522e+007 3.331494e+007 3.444919e+007 1.989948e+006
    2       3.519136e+007 3.738155e+007 3.719147e+007 4.174838e+007 3.076681e+007 3.536756e+007 3.655233e+007 2.108712e+006
    3       3.505550e+007 3.719147e+007 3.735199e+007 4.182501e+007 3.181107e+007 3.614737e+007 3.701836e+007 2.127891e+006
    4       3.933902e+007 4.174838e+007 4.182501e+007 4.689677e+007 3.475203e+007 4.017901e+007 4.141480e+007 2.383070e+006
    5       2.891522e+007 3.076681e+007 3.181107e+007 3.475203e+007 4.869684e+007 3.762659e+007 3.272306e+007 1.736851e+006
    6       3.331494e+007 3.536756e+007 3.614737e+007 4.017901e+007 3.762659e+007 3.813998e+007 3.710334e+007 2.057579e+006
    7       3.444919e+007 3.655233e+007 3.701836e+007 4.141480e+007 3.272306e+007 3.710334e+007 3.784286e+007 2.131586e+006
    8       1.989948e+006 2.108712e+006 2.127891e+006 2.383070e+006 1.736851e+006 2.057579e+006 2.131586e+006 1.237335e+005
# -------------------------------------------------------------------

#  Class ID     Number of Cells    Class Name
        6              2546         6
# Layers             1             2             3             4             5             6             7             8
# Means    
            2.708153e+004 2.679178e+004 2.574357e+004 2.639600e+004 2.835502e+004 1.631643e+004 1.321300e+004 7.425270e+003
# Covariance
    1       -1.573838e+008 -2.252889e+008 -1.505332e+008 -3.653827e+008 -5.780345e+008 7.853461e+007 5.521693e+007 2.845416e+007
    2       -2.252889e+008 -3.025896e+008 -2.178567e+008 -4.249445e+008 -6.033354e+008 8.355394e+007 5.886251e+007 2.998775e+007
    3       -1.505332e+008 -2.178567e+008 -1.707001e+008 -3.643210e+008 -5.513563e+008 8.550287e+007 6.017156e+007 3.070655e+007
    4       -3.653827e+008 -4.249445e+008 -3.643210e+008 -5.125637e+008 -6.431787e+008 9.312816e+007 6.569932e+007 3.318215e+007
    5       -5.780345e+008 -6.033354e+008 -5.513563e+008 -6.431787e+008 -7.341142e+008 9.636711e+007 6.813059e+007 3.409168e+007
    6       7.853461e+007 8.355394e+007 8.550287e+007 9.312816e+007 9.636711e+007 4.813820e+007 3.517333e+007 1.578684e+007
    7       5.521693e+007 5.886251e+007 6.017156e+007 6.569932e+007 6.813059e+007 3.517333e+007 2.619184e+007 1.077118e+007
    8       2.845416e+007 2.998775e+007 3.070655e+007 3.318215e+007 3.409168e+007 1.578684e+007 1.077118e+007 8.897562e+006
# -------------------------------------------------------------------

#  Class ID     Number of Cells    Class Name
        7              3499         7
# Layers             1             2             3             4             5             6             7             8
# Means    
            0.000000e+000 0.000000e+000 0.000000e+000 0.000000e+000 0.000000e+000 0.000000e+000 0.000000e+000 0.000000e+000
# Covariance
    1       0.000000e+000 0.000000e+000 0.000000e+000 0.000000e+000 0.000000e+000 0.000000e+000 0.000000e+000 0.000000e+000
    2       0.000000e+000 0.000000e+000 0.000000e+000 0.000000e+000 0.000000e+000 0.000000e+000 0.000000e+000 0.000000e+000
    3       0.000000e+000 0.000000e+000 0.000000e+000 0.000000e+000 0.000000e+000 0.000000e+000 0.000000e+000 0.000000e+000
    4       0.000000e+000 0.000000e+000 0.000000e+000 0.000000e+000 0.000000e+000 0.000000e+000 0.000000e+000 0.000000e+000
    5       0.000000e+000 0.000000e+000 0.000000e+000 0.000000e+000 0.000000e+000 0.000000e+000 0.000000e+000 0.000000e+000
    6       0.000000e+000 0.000000e+000 0.000000e+000 0.000000e+000 0.000000e+000 0.000000e+000 0.000000e+000 0.000000e+000
    7       0.000000e+000 0.000000e+000 0.000000e+000 0.000000e+000 0.000000e+000 0.000000e+000 0.000000e+000 0.000000e+000
    8       0.000000e+000 0.000000e+000 0.000000e+000 0.000000e+000 0.000000e+000 0.000000e+000 0.000000e+000 0.000000e+000
# -------------------------------------------------------------------

#  Class ID     Number of Cells    Class Name
        8              4928         8
# Layers             1             2             3             4             5             6             7             8
# Means    
            9.962736e+003 8.968798e+003 7.692028e+003 6.979702e+003 6.940287e+003 5.954242e+003 5.618789e+003 5.042026e+003
# Covariance
    1       3.426300e+006 3.478793e+006 3.117750e+006 2.654342e+006 6.833999e+005 1.200579e+005 2.143011e+005 3.238342e+003
    2       3.478793e+006 3.543967e+006 3.184000e+006 2.714986e+006 7.263356e+005 1.311822e+005 2.225187e+005 3.653594e+003
    3       3.117750e+006 3.184000e+006 2.891880e+006 2.475445e+006 7.291556e+005 1.732507e+005 2.376100e+005 4.872550e+003
    4       2.654342e+006 2.714986e+006 2.475445e+006 2.154315e+006 6.861995e+005 2.354117e+005 2.815185e+005 6.424442e+003
    5       6.833999e+005 7.263356e+005 7.291556e+005 6.861995e+005 7.453275e+005 3.227160e+005 2.467612e+005 8.593076e+003
    6       1.200579e+005 1.311822e+005 1.732507e+005 2.354117e+005 3.227160e+005 4.846763e+005 3.950086e+005 1.112132e+004
    7       2.143011e+005 2.225187e+005 2.376100e+005 2.815185e+005 2.467612e+005 3.950086e+005 3.385075e+005 9.103890e+003
    8       3.238342e+003 3.653594e+003 4.872550e+003 6.424442e+003 8.593076e+003 1.112132e+004 9.103890e+003 4.412260e+002
# -------------------------------------------------------------------

#  Class ID     Number of Cells    Class Name
        9              4366         9
# Layers             1             2             3             4             5             6             7             8
# Means    
            1.086429e+004 1.005062e+004 9.015145e+003 8.520568e+003 8.698134e+003 8.099316e+003 7.278369e+003 5.033583e+003
# Covariance
    1       7.801820e+005 8.750326e+005 9.628720e+005 1.046303e+006 7.479710e+005 3.950887e+005 3.947831e+005 -9.893874e+002
    2       8.750326e+005 9.977854e+005 1.095596e+006 1.194922e+006 9.047359e+005 5.348429e+005 5.055838e+005 -7.892928e+002
    3       9.628720e+005 1.095596e+006 1.251214e+006 1.357836e+006 1.134197e+006 7.560795e+005 6.622023e+005 -5.225983e+002
    4       1.046303e+006 1.194922e+006 1.357836e+006 1.488964e+006 1.260733e+006 8.735194e+005 7.547765e+005 -3.162691e+002
    5       7.479710e+005 9.047359e+005 1.134197e+006 1.260733e+006 2.177859e+006 1.836105e+006 1.221697e+006 2.580656e+003
    6       3.950887e+005 5.348429e+005 7.560795e+005 8.735194e+005 1.836105e+006 2.120802e+006 1.426813e+006 3.744240e+003
    7       3.947831e+005 5.055838e+005 6.622023e+005 7.547765e+005 1.221697e+006 1.426813e+006 1.021803e+006 2.030429e+003
    8       -9.893874e+002 -7.892928e+002 -5.225983e+002 -3.162691e+002 2.580656e+003 3.744240e+003 2.030429e+003 1.058317e+002
